1.10E-10	1.12E+07
3.00E-09	1.45E+10
5.50E-09	3.62E+10
1.00E-08	1.17E+11
1.50E-08	1.99E+11
2.00E-08	2.50E+11
3.00E-08	6.00E+11
3.20E-08	1.31E+11
3.24E-08	2.48E+10
4.30E-08	7.18E+11
5.90E-08	1.08E+12
7.70E-08	1.14E+12
9.50E-08	1.00E+12
1.00E-07	2.55E+11
1.15E-07	7.01E+11
1.34E-07	7.67E+11
1.60E-07	8.72E+11
1.89E-07	7.84E+11
2.20E-07	6.80E+11
2.48E-07	5.09E+11
2.83E-07	5.33E+11
3.15E-07	4.23E+11
3.52E-07	4.33E+11
3.91E-07	3.96E+11
4.14E-07	2.13E+11
4.33E-07	1.67E+11
4.85E-07	4.18E+11
5.32E-07	3.35E+11
5.40E-07	5.73E+10
6.25E-07	5.31E+11
6.83E-07	3.21E+11
7.05E-07	1.18E+11
7.90E-07	4.14E+11
8.60E-07	3.12E+11
8.76E-07	6.95E+10
9.30E-07	2.17E+11
9.86E-07	2.15E+11
1.01E-06	8.83E+10
1.04E-06	9.03E+10
1.07E-06	1.22E+11
1.08E-06	3.43E+10
1.09E-06	3.34E+10
1.11E-06	6.66E+10
1.13E-06	5.12E+10
1.17E-06	1.44E+11
1.24E-06	2.00E+11
1.31E-06	2.07E+11
1.37E-06	1.82E+11
1.44E-06	1.86E+11
1.45E-06	1.32E+10
1.51E-06	1.65E+11
1.59E-06	1.93E+11
1.67E-06	1.85E+11
1.76E-06	1.87E+11
1.84E-06	1.78E+11
1.86E-06	3.20E+10
1.93E-06	1.50E+11
2.02E-06	1.74E+11
2.13E-06	2.03E+11
2.36E-06	3.92E+11
2.37E-06	1.95E+10
2.77E-06	5.91E+11
3.06E-06	3.87E+11
3.38E-06	3.87E+11
3.93E-06	5.86E+11
4.13E-06	1.96E+11
4.47E-06	3.12E+11
4.67E-06	1.73E+11
5.04E-06	3.08E+11
5.62E-06	4.40E+11
6.16E-06	3.70E+11
6.48E-06	2.03E+11
7.08E-06	3.65E+11
7.52E-06	2.50E+11
7.94E-06	2.25E+11
8.32E-06	1.91E+11
8.91E-06	2.90E+11
9.19E-06	1.28E+11
1.00E-05	3.55E+11
1.07E-05	2.78E+11
1.12E-05	2.12E+11
1.26E-05	4.86E+11
1.37E-05	3.64E+11
1.52E-05	4.49E+11
1.67E-05	4.09E+11
1.76E-05	2.16E+11
1.90E-05	3.36E+11
2.05E-05	3.10E+11
2.26E-05	4.35E+11
2.50E-05	4.41E+11
2.79E-05	4.93E+11
2.92E-05	2.01E+11
3.05E-05	1.98E+11
3.39E-05	4.74E+11
3.73E-05	4.30E+11
3.98E-05	2.97E+11
4.55E-05	6.02E+11
4.79E-05	2.28E+11
5.01E-05	2.14E+11
5.56E-05	4.81E+11
6.14E-05	4.68E+11
6.31E-05	1.23E+11
6.79E-05	3.44E+11
7.08E-05	1.95E+11
7.89E-05	5.11E+11
8.53E-05	3.68E+11
9.17E-05	3.39E+11
1.01E-04	4.70E+11
1.12E-04	4.84E+11
1.30E-04	7.06E+11
1.37E-04	2.22E+11
1.59E-04	7.08E+11
1.67E-04	2.53E+11
1.78E-04	3.05E+11
2.04E-04	6.66E+11
2.14E-04	2.45E+11
2.43E-04	5.98E+11
2.75E-04	6.18E+11
3.04E-04	4.99E+11
3.54E-04	7.09E+11
3.98E-04	5.74E+11
4.54E-04	6.58E+11
5.14E-04	6.30E+11
5.83E-04	6.33E+11
6.31E-04	3.98E+11
6.77E-04	3.70E+11
7.08E-04	2.32E+11
7.49E-04	2.94E+11
8.48E-04	6.64E+11
9.61E-04	6.78E+11
1.01E-03	2.68E+11
1.12E-03	5.34E+11
1.23E-03	5.54E+11
1.36E-03	5.60E+11
1.51E-03	5.60E+11
1.58E-03	2.80E+11
1.80E-03	7.28E+11
2.03E-03	7.64E+11
2.11E-03	1.45E+11
2.25E-03	3.07E+11
2.37E-03	2.90E+11
2.49E-03	3.05E+11
2.61E-03	2.46E+11
2.66E-03	8.26E+10
2.75E-03	1.65E+11
2.82E-03	1.42E+11
3.04E-03	4.25E+11
3.16E-03	2.36E+11
3.35E-03	3.43E+11
3.55E-03	3.32E+11
3.71E-03	2.65E+11
3.98E-03	4.08E+11
4.31E-03	4.65E+11
4.64E-03	4.24E+11
5.00E-03	4.44E+11
5.53E-03	6.01E+11
6.27E-03	7.38E+11
7.10E-03	7.45E+11
7.47E-03	3.59E+11
8.25E-03	5.65E+11
9.12E-03	6.32E+11
1.01E-02	5.90E+11
1.11E-02	6.29E+11
1.17E-02	3.18E+11
1.27E-02	5.61E+11
1.38E-02	5.44E+11
1.50E-02	5.60E+11
1.59E-02	3.42E+11
1.66E-02	3.06E+11
1.78E-02	5.14E+11
1.93E-02	5.30E+11
2.00E-02	2.46E+11
2.05E-02	2.07E+11
2.11E-02	2.10E+11
2.19E-02	2.30E+11
2.24E-02	1.79E+11
2.30E-02	2.08E+11
2.36E-02	1.75E+11
2.42E-02	2.04E+11
2.44E-02	7.64E+10
2.48E-02	1.53E+11
2.51E-02	1.05E+11
2.59E-02	2.16E+11
2.61E-02	5.22E+10
2.66E-02	1.60E+11
2.70E-02	9.72E+10
2.74E-02	9.58E+10
2.82E-02	2.00E+11
2.85E-02	8.29E+10
2.90E-02	1.34E+11
2.99E-02	1.93E+11
3.07E-02	2.09E+11
3.16E-02	2.13E+11
3.18E-02	5.09E+10
3.43E-02	5.97E+11
3.70E-02	5.90E+11
4.09E-02	8.33E+11
4.36E-02	5.41E+11
4.63E-02	5.24E+11
4.94E-02	5.86E+11
5.25E-02	5.53E+11
5.52E-02	4.72E+11
5.66E-02	2.11E+11
6.17E-02	8.23E+11
6.74E-02	8.56E+11
7.20E-02	7.08E+11
7.50E-02	3.96E+11
7.95E-02	6.17E+11
8.23E-02	3.96E+11
8.25E-02	2.61E+10
8.65E-02	4.81E+11
9.80E-02	1.39E+12
1.11E-01	1.43E+12
1.17E-01	6.12E+11
1.23E-01	6.50E+11
1.29E-01	6.50E+11
1.36E-01	7.24E+11
1.43E-01	6.38E+11
1.50E-01	6.52E+11
1.58E-01	6.96E+11
1.66E-01	7.25E+11
1.74E-01	7.22E+11
1.83E-01	7.85E+11
1.93E-01	7.65E+11
2.02E-01	7.62E+11
2.13E-01	7.97E+11
2.24E-01	8.28E+11
2.35E-01	8.57E+11
2.47E-01	8.82E+11
2.73E-01	1.86E+12
2.87E-01	9.54E+11
2.95E-01	4.86E+11
2.97E-01	1.87E+11
2.99E-01	9.06E+10
3.02E-01	2.47E+11
3.34E-01	2.08E+12
3.69E-01	2.18E+12
3.88E-01	1.12E+12
4.08E-01	1.11E+12
4.50E-01	2.25E+12
5.23E-01	3.67E+12
5.50E-01	1.24E+12
5.78E-01	1.27E+12
6.08E-01	1.18E+12
6.39E-01	9.08E+11
6.72E-01	1.21E+12
7.07E-01	1.30E+12
7.43E-01	1.31E+12
7.81E-01	1.26E+12
8.21E-01	1.18E+12
8.63E-01	1.24E+12
9.07E-01	1.17E+12
9.62E-01	1.33E+12
1.00E+00	8.77E+11
1.11E+00	2.14E+12
1.16E+00	1.12E+12
1.22E+00	1.15E+12
1.29E+00	1.08E+12
1.35E+00	1.06E+12
1.42E+00	1.08E+12
1.50E+00	1.05E+12
1.57E+00	1.04E+12
1.65E+00	1.05E+12
1.74E+00	1.04E+12
1.83E+00	9.95E+11
1.92E+00	9.05E+11
2.02E+00	8.63E+11
2.12E+00	8.23E+11
2.23E+00	7.86E+11
2.31E+00	5.04E+11
2.35E+00	2.47E+11
2.37E+00	1.24E+11
2.39E+00	1.25E+11
2.47E+00	4.69E+11
2.59E+00	6.71E+11
2.73E+00	6.14E+11
2.87E+00	5.34E+11
3.01E+00	5.28E+11
3.17E+00	5.21E+11
3.33E+00	5.14E+11
3.68E+00	9.76E+11
4.07E+00	9.35E+11
4.49E+00	9.39E+11
4.72E+00	4.57E+11
4.97E+00	4.55E+11
5.22E+00	4.42E+11
5.49E+00	4.39E+11
5.77E+00	4.27E+11
6.07E+00	4.15E+11
6.38E+00	3.94E+11
6.59E+00	2.52E+11
6.70E+00	1.25E+11
7.05E+00	3.68E+11
7.41E+00	3.63E+11
7.79E+00	3.64E+11
8.19E+00	3.65E+11
8.61E+00	3.75E+11
9.05E+00	4.13E+11
9.51E+00	4.66E+11
1.00E+01	5.24E+11
1.05E+01	5.88E+11
1.11E+01	6.09E+11
1.16E+01	5.32E+11
1.22E+01	5.50E+11
1.28E+01	9.67E+11
1.35E+01	4.42E+12
1.38E+01	9.09E+12
1.42E+01	1.47E+13
1.46E+01	1.12E+13
1.49E+01	3.71E+12
1.57E+01	5.22E+11
1.65E+01	4.05E+08
1.69E+01	0.00E+00
1.73E+01	0.00E+00
1.96E+01	0.00E+00

